0 0.004519774 0.76497173
0 0.0074211503 0.7050093
1 0.77272725 0.0
0 0.0 0.55
0 0.0055555557 0.56666666
0 0.003539823 0.7380531
1 0.6985294 0.0
0 0.0 0.7076923
0 0.010416667 0.7890625
1 0.7176221 0.0
0 0.010494753 0.70614696
1 0.60188085 0.0
0 0.0 0.5283688
0 0.005805515 0.67198837
1 0.65652174 0.0
1 0.0066225166 0.0
1 0.71737564 7.209805E-4
0 0.014124294 0.5677966
0 0.0027510317 0.70701516
0 0.006060606 0.6606061
0 0.0103412615 0.7900724
0 0.0069444445 0.7569444
1 0.74545455 0.0
1 0.8401442 0.0
0 0.011627907 0.59302324
1 0.7889688 0.0
1 0.70776254 0.0
0 0.0 0.60674155
0 0.0 0.67763156
1 0.6689537 0.0
1 0.8375378 0.0
0 0.06263048 0.5052192
1 0.74943733 0.0
1 0.80701756 0.0
1 0.7487437 0.0
0 0.0 0.59183675
1 0.672 0.0
1 0.71967965 0.0
0 0.015416238 0.81397736
1 0.72454447 0.0
1 0.7429719 0.0
0 0.017964073 0.8083832
0 0.009345794 0.6728972
1 0.87774295 7.8369904E-4
0 0.008125952 0.8176739
1 0.7119816 0.0
1 0.6564136 0.0
1 0.7136628 0.0
0 0.0 0.54651165
0 0.0055658626 0.7346939
0 0.010269577 0.8228498
0 0.005518764 0.821192
0 0.0124223605 0.72670805
1 0.74334604 0.0
1 0.0 0.0
0 0.008797654 0.7653959
1 0.74449337 0.0
0 0.0011160715 0.73995537
1 0.7214286 0.0
1 0.8201893 0.0
1 0.7109634 0.0
0 0.0046948357 0.7934272
1 0.44217688 0.0
1 0.7 0.0
1 0.375 0.0
0 0.014285714 0.73626375
1 0.8279853 0.0
0 0.020330368 0.6912325
0 0.0609319 0.67741936
1 0.7917808 0.0
1 0.86019415 0.0
1 0.77922076 0.0
0 0.040816326 0.64625853
1 0.82539684 0.0
1 0.7678019 0.0
1 0.8508501 0.0
1 0.70763725 0.0
1 0.61627907 0.0
1 0.016528925 0.0
1 0.7183811 0.0
0 0.0 0.7785548
1 0.7964989 0.0
1 0.86504424 0.0
1 0.60294116 0.004901961
0 0.014625229 0.63619745
0 0.013392857 0.52678573
1 0.82840234 0.0
1 0.87649405 0.0
1 0.6983607 0.0
1 0.40677965 0.0
0 0.013235294 0.6911765
1 0.6551724 0.004310345
1 0.8672986 0.0
1 0.6375 0.0
1 0.7733333 0.0
0 0.024793388 0.74380165
0 0.011904762 0.6547619
1 0.8543689 0.0
1 0.72307694 0.0
1 0.72334296 0.0
1 0.75 0.0
1 0.6792929 0.0
1 0.7567298 9.97009E-4
1 0.75 0.0
0 0.013745705 0.63917524
1 0.8353553 0.0
1 0.7348871 0.0
0 0.0 0.8611111
0 0.010484928 0.85845345
0 0.045454547 0.95454544
1 0.6756757 0.0033783785
0 0.004149378 0.83125865
0 0.011049724 0.5690608
1 0.8063063 0.0
1 0.5816327 0.010204081
0 0.0074626864 0.7164179
1 0.66852367 0.0
1 0.6699029 0.0
0 0.0 0.53846157
0 0.018867925 0.4716981
1 0.3 0.0
0 0.021428572 0.75
1 0.72 0.0
1 0.8347107 0.0
0 0.008836525 0.72164947
1 0.78723407 0.0
1 0.86466163 0.0
0 0.011049724 0.7513812
1 0.75838923 0.0033557047
0 0.0 0.42056075
0 0.027994791 0.82096356
1 0.7258883 0.0
0 0.09060403 0.74496645
1 0.4 0.0
1 0.74210525 0.0
0 0.0 0.8
0 0.044715445 0.58943087
1 0.78571427 0.0
0 0.0 0.5849057
1 0.7709677 0.0
