0 0.0033898305 0.7661017
1 0.7124304 0.0
0 0.0054545454 0.7672727
1 0.55 0.0
0 0.0 0.57222223
0 0.0 0.74159294
1 0.6985294 0.0
1 0.7076923 0.0
0 0.010416667 0.7890625
1 0.7176221 0.0
0 0.0059970017 0.71064466
0 0.0031347962 0.59874606
1 0.5283688 0.0
0 0.005079826 0.67271405
1 0.65652174 0.0
0 0.0 0.0066225166
0 0.007930785 0.7101658
1 0.5819209 0.0
0 0.0013755158 0.70839065
1 0.6666667 0.0
1 0.80041367 0.0
0 0.005787037 0.7581019
0 0.0045454544 0.7409091
0 0.009615385 0.83052886
1 0.60465115 0.0
0 0.0119904075 0.77697843
0 0.007305936 0.7004566
1 0.60674155 0.0
0 0.0065789474 0.67105263
1 0.6689537 0.0
0 0.011099899 0.82643795
1 0.5678497 0.0
0 0.0015003751 0.74793696
0 0.00877193 0.7982456
0 0.0025125628 0.74623114
0 0.0 0.59183675
1 0.672 0.0
0 0.0034324944 0.71624714
1 0.82836586 0.0010277493
1 0.72347265 0.0010718113
1 0.7429719 0.0
0 0.017964073 0.8083832
0 0.0031152647 0.67912775
1 0.87774295 7.8369904E-4
1 0.8257999 0.0
1 0.7119816 0.0
0 0.0032722512 0.6531414
1 0.7136628 0.0
0 0.0 0.54651165
1 0.74025977 0.0
0 0.0077021825 0.8254172
1 0.8267108 0.0
1 0.73913044 0.0
0 0.0076045627 0.73574144
0 0.0 0.0
0 0.0029325513 0.771261
0 0.0066079297 0.7378855
0 0.0 0.7410714
1 0.7214286 0.0
1 0.8201893 0.0
1 0.7109634 0.0
1 0.79812205 0.0
0 0.013605442 0.42857143
0 0.004761905 0.6952381
1 0.375 0.0
1 0.75054944 0.0
1 0.8279853 0.0
0 0.017789073 0.6937738
0 0.068100356 0.6702509
0 0.005479452 0.7863014
1 0.86019415 0.0
1 0.77922076 0.0
0 0.04761905 0.6394558
1 0.82539684 0.0
0 0.03405573 0.7337461
1 0.8508501 0.0
1 0.70763725 0.0
1 0.61627907 0.0
1 0.016528925 0.0
1 0.7183811 0.0
0 0.0 0.7785548
0 0.0094821295 0.78701675
0 0.0022123894 0.86283183
1 0.60294116 0.004901961
1 0.6489945 0.0018281536
1 0.5401786 0.0
1 0.82840234 0.0
1 0.87649405 0.0
1 0.6983607 0.0
1 0.40677965 0.0
0 0.011764706 0.69264704
1 0.6594828 0.0
1 0.8672986 0.0
0 0.05 0.5875
0 0.006666667 0.76666665
0 0.030991735 0.7376033
0 0.011904762 0.6547619
1 0.8543689 0.0
1 0.72307694 0.0
1 0.72334296 0.0
1 0.75 0.0
0 0.012626262 0.6666667
0 0.029910268 0.7278165
1 0.75 0.0
1 0.65120274 0.0017182131
1 0.8353553 0.0
0 0.014566642 0.72032046
0 0.027777778 0.8333333
0 0.0091743115 0.8597641
0 0.045454547 0.95454544
1 0.6790541 0.0
0 0.0013831259 0.8340249
1 0.5801105 0.0
1 0.8063063 0.0
1 0.5816327 0.010204081
1 0.7238806 0.0
0 0.016713092 0.6518106
1 0.6699029 0.0
1 0.53846157 0.0
0 0.018867925 0.4716981
1 0.3 0.0
1 0.7714286 0.0
1 0.7 0.02
0 0.024793388 0.80991733
1 0.73048604 0.0
1 0.78723407 0.0
0 0.2556391 0.60902256
1 0.76243097 0.0
1 0.75838923 0.0033557047
0 0.0 0.42056075
0 0.022135416 0.82682294
1 0.7258883 0.0
0 0.06375839 0.7718121
1 0.4 0.0
1 0.74210525 0.0
1 0.8 0.0
0 0.048780486 0.58536583
1 0.78571427 0.0
0 0.0 0.5849057
0 0.025806451 0.7451613
