0 0.004519774 0.76497173
1 0.7124304 0.0
1 0.77272725 0.0
1 0.55 0.0
1 0.57222223 0.0
0 0.003539823 0.7380531
0 0.022058824 0.6764706
1 0.7076923 0.0
1 0.7994792 0.0
1 0.7176221 0.0
0 0.010494753 0.70614696
0 0.0062695923 0.5956113
0 0.0 0.5283688
0 0.005079826 0.67271405
0 0.008695652 0.6478261
0 0.0 0.0066225166
0 0.009372747 0.70872384
0 0.016949153 0.56497175
0 0.0013755158 0.70839065
0 0.006060606 0.6606061
1 0.80041367 0.0
0 0.008101852 0.755787
1 0.74545455 0.0
0 0.0060096155 0.83413464
1 0.60465115 0.0
0 0.009592326 0.7793765
0 0.00913242 0.69863015
0 0.0 0.60674155
0 0.0 0.67763156
1 0.6689537 0.0
0 0.012108981 0.82542884
0 0.06263048 0.5052192
1 0.74943733 0.0
0 0.00877193 0.7982456
0 0.0025125628 0.74623114
1 0.59183675 0.0
0 0.0 0.672
0 0.004576659 0.715103
1 0.82836586 0.0010277493
1 0.72347265 0.0010718113
0 0.08032128 0.6626506
1 0.8263473 0.0
1 0.682243 0.0
1 0.87774295 7.8369904E-4
1 0.8257999 0.0
0 0.0023041475 0.7096774
1 0.6564136 0.0
1 0.7136628 0.0
1 0.54651165 0.0
1 0.74025977 0.0
1 0.8331194 0.0
0 0.004415011 0.8222958
0 0.0062111802 0.7329193
1 0.74334604 0.0
1 0.0 0.0
0 0.0058651026 0.7683284
1 0.74449337 0.0
0 0.004464286 0.73660713
0 0.0 0.7214286
0 0.028391168 0.7917981
1 0.7109634 0.0
1 0.79812205 0.0
0 0.013605442 0.42857143
0 0.004761905 0.6952381
0 0.041666668 0.33333334
0 0.012087912 0.73846155
1 0.8279853 0.0
0 0.017789073 0.6937738
1 0.7383512 0.0
0 0.002739726 0.7890411
0 0.0407767 0.8194175
0 0.005194805 0.774026
0 0.04761905 0.6394558
0 0.07936508 0.74603176
0 0.03250774 0.7352941
0 0.015455951 0.83539414
1 0.70763725 0.0
0 0.034883723 0.5813953
0 0.0 0.016528925
1 0.7183811 0.0
0 0.0 0.7785548
0 0.0065645515 0.78993434
0 0.0022123894 0.86283183
1 0.60784316 0.0
0 0.043875687 0.606947
0 0.008928572 0.53125
1 0.82840234 0.0
0 0.011952192 0.8645418
0 0.0 0.6983607
1 0.40677965 0.0
1 0.70441175 0.0
1 0.6551724 0.004310345
0 0.009478673 0.8578199
0 0.025 0.6125
1 0.7733333 0.0
0 0.020661157 0.74793386
1 0.6666667 0.0
0 0.0 0.8543689
0 0.0 0.72307694
1 0.72334296 0.0
0 0.002688172 0.74731183
1 0.6792929 0.0
1 0.7567298 9.97009E-4
0 0.011363637 0.7386364
1 0.65120274 0.0017182131
1 0.8353553 0.0
0 0.012381646 0.72250545
1 0.8611111 0.0
0 0.00655308 0.86238533
0 0.045454547 0.95454544
0 0.006756757 0.6722973
0 0.004149378 0.83125865
0 0.011049724 0.5690608
1 0.8063063 0.0
0 0.040816326 0.5510204
1 0.7238806 0.0
1 0.66852367 0.0
1 0.6699029 0.0
0 0.0 0.53846157
0 0.018867925 0.4716981
1 0.3 0.0
1 0.7714286 0.0
1 0.7 0.02
0 0.024793388 0.80991733
1 0.72901326 0.001472754
1 0.78723407 0.0
1 0.86466163 0.0
0 0.005524862 0.7569061
1 0.75838923 0.0033557047
0 0.0 0.42056075
1 0.8489583 0.0
1 0.7258883 0.0
0 0.010067114 0.82550335
1 0.4 0.0
1 0.021052632 0.72105265
0 0.0 0.8
0 0.09756097 0.5365854
0 0.0 0.78571427
0 0.009433962 0.5754717
0 0.0032258064 0.7677419
