1 0.76949155 0.0
1 0.7124304 0.0
0 0.009090909 0.76363635
1 0.55 0.0
1 0.57222223 0.0
1 0.74159294 0.0
0 0.0992647 0.5992647
1 0.7076923 0.0
1 0.7994792 0.0
1 0.7176221 0.0
0 0.0037481259 0.71289355
1 0.60188085 0.0
1 0.5283688 0.0
1 0.6777939 0.0
0 0.013043478 0.6434783
1 0.0066225166 0.0
0 0.005767844 0.7123288
1 0.579096 0.0028248588
1 0.70976615 0.0
1 0.6666667 0.0
0 0.007238883 0.79317474
1 0.7638889 0.0
0 0.0045454544 0.7409091
1 0.8401442 0.0
0 0.0058139535 0.5988372
1 0.7889688 0.0
1 0.70776254 0.0
0 0.0 0.60674155
0 0.0065789474 0.67105263
0 0.0154373925 0.6535163
1 0.8375378 0.0
0 0.041753653 0.52609605
0 0.0030007502 0.7464366
1 0.80701756 0.0
0 0.0 0.7487437
0 0.0 0.59183675
0 0.0 0.672
0 0.0022883294 0.7173913
1 0.82836586 0.0010277493
0 0.005359057 0.7191854
0 0.044176705 0.6987952
0 0.011976048 0.8143712
0 0.0031152647 0.67912775
0 0.007836991 0.87068963
0 0.023869984 0.8019299
1 0.7119816 0.0
0 0.0039267014 0.6524869
0 0.018895349 0.6947674
0 0.011627907 0.53488374
0 0.0 0.74025977
0 0.0038510913 0.8292683
1 0.8267108 0.0
0 0.0 0.73913044
0 0.0057034222 0.7376426
0 0.0 0.0
1 0.7741935 0.0
0 0.013215859 0.7312775
0 0.0011160715 0.73995537
0 0.014285714 0.70714283
1 0.8201893 0.0
1 0.7109634 0.0
0 0.00657277 0.7915493
0 0.006802721 0.43537414
0 0.01904762 0.68095237
1 0.375 0.0
1 0.74945056 0.0010989011
0 0.01472909 0.8132562
1 0.7115629 0.0
0 0.05376344 0.68458784
1 0.7890411 0.002739726
0 0.019417476 0.8407767
1 0.77922076 0.0
1 0.68707484 0.0
0 0.083333336 0.74206346
1 0.7678019 0.0
0 0.01236476 0.8384853
0 0.011933174 0.69570404
0 0.023255814 0.59302324
0 0.0 0.016528925
0 0.010118044 0.70826304
1 0.7785548 0.0
0 0.0094821295 0.78701675
0 0.0 0.86504424
0 0.004901961 0.60294116
1 0.6489945 0.0018281536
0 0.008928572 0.53125
0 0.00295858 0.8254438
0 0.023904383 0.85258967
0 0.0 0.6983607
0 0.0 0.40677965
0 0.00882353 0.69558823
0 0.004310345 0.6551724
1 0.8672986 0.0
1 0.6375 0.0
1 0.7733333 0.0
1 0.76859504 0.0
0 0.0 0.6666667
1 0.8543689 0.0
1 0.72307694 0.0
0 0.0 0.72334296
0 0.010752688 0.7392473
0 0.005050505 0.67424244
0 0.01894317 0.73878366
0 0.011363637 0.7386364
0 0.025773196 0.6271478
0 0.0034662045 0.8318891
1 0.73343045 0.0014566643
1 0.8611111 0.0
0 0.003931848 0.86500657
1 1.0 0.0
0 0.0 0.6790541
0 0.0013831259 0.8340249
0 0.011049724 0.5690608
0 0.0045045046 0.8018018
0 0.040816326 0.5510204
0 0.0037313432 0.7201493
1 0.66852367 0.0
0 0.019417476 0.65048546
1 0.53846157 0.0
1 0.49056605 0.0
0 0.0 0.3
0 0.007142857 0.76428574
0 0.02 0.7
0 0.0 0.8347107
1 0.72901326 0.001472754
0 0.021276595 0.7659575
1 0.86466163 0.0
1 0.76243097 0.0
0 0.0067114094 0.75503355
1 0.42056075 0.0
0 0.018229166 0.8307292
0 0.015228426 0.7106599
1 0.83557045 0.0
1 0.4 0.0
0 0.02631579 0.7157895
0 0.0 0.8
1 0.63414633 0.0
0 0.0 0.78571427
0 0.0 0.5849057
1 0.7709677 0.0
