1 0.76949155 0.0
0 0.009276438 0.70315397
1 0.77272725 0.0
1 0.55 0.0
1 0.57222223 0.0
1 0.74159294 0.0
0 0.04779412 0.6507353
1 0.7076923 0.0
1 0.7994792 0.0
1 0.7176221 0.0
1 0.71664166 0.0
1 0.60188085 0.0
0 0.0 0.5283688
1 0.6777939 0.0
1 0.65652174 0.0
1 0.0066225166 0.0
1 0.71665466 0.001441961
1 0.5819209 0.0
1 0.70976615 0.0
1 0.6666667 0.0
1 0.80041367 0.0
1 0.7638889 0.0
1 0.74545455 0.0
1 0.8401442 0.0
1 0.60465115 0.0
1 0.7889688 0.0
1 0.70776254 0.0
0 0.0 0.60674155
1 0.67763156 0.0
1 0.6689537 0.0
1 0.8375378 0.0
1 0.5678497 0.0
1 0.74943733 0.0
1 0.80701756 0.0
0 0.0050251256 0.74371856
1 0.59183675 0.0
1 0.672 0.0
1 0.71967965 0.0
1 0.8293936 0.0
1 0.72454447 0.0
1 0.7429719 0.0
1 0.8263473 0.0
1 0.682243 0.0
1 0.8785266 0.0
0 0.009141697 0.8166582
1 0.7119816 0.0
1 0.6564136 0.0
1 0.7136628 0.0
0 0.0 0.54651165
1 0.74025977 0.0
0 0.011553274 0.8215661
0 0.005518764 0.821192
1 0.73913044 0.0
1 0.74334604 0.0
1 0.0 0.0
0 0.008797654 0.7653959
1 0.74449337 0.0
1 0.7410714 0.0
0 0.021428572 0.7
1 0.8201893 0.0
1 0.7109634 0.0
1 0.79812205 0.0
1 0.44217688 0.0
0 0.023809524 0.6761905
0 0.041666668 0.33333334
0 0.015384615 0.7351648
1 0.8279853 0.0
1 0.7115629 0.0
1 0.7383512 0.0
1 0.7890411 0.002739726
1 0.86019415 0.0
0 0.01038961 0.7688312
0 0.040816326 0.64625853
1 0.82539684 0.0
1 0.7678019 0.0
0 0.01854714 0.8323029
1 0.70763725 0.0
1 0.61627907 0.0
0 0.0 0.016528925
1 0.7183811 0.0
1 0.7785548 0.0
1 0.7964989 0.0
1 0.86504424 0.0
0 0.014705882 0.59313726
0 0.029250458 0.6215722
1 0.5401786 0.0
0 0.00591716 0.8224852
1 0.87649405 0.0
1 0.6983607 0.0
0 0.0 0.40677965
0 0.016176471 0.6882353
1 0.6594828 0.0
1 0.8672986 0.0
1 0.6375 0.0
1 0.7733333 0.0
1 0.76859504 0.0
0 0.011904762 0.6547619
1 0.8543689 0.0
1 0.72307694 0.0
1 0.72334296 0.0
1 0.75 0.0
1 0.6792929 0.0
1 0.75772685 0.0
0 0.011363637 0.7386364
0 0.0154639175 0.6374571
1 0.8353553 0.0
1 0.73415875 7.2833215E-4
1 0.8611111 0.0
1 0.8689384 0.0
1 1.0 0.0
1 0.6756757 0.0033783785
1 0.83540803 0.0
1 0.5801105 0.0
1 0.8063063 0.0
0 0.06122449 0.53061223
1 0.7238806 0.0
0 0.022284122 0.6462396
1 0.6699029 0.0
1 0.53846157 0.0
1 0.49056605 0.0
1 0.3 0.0
0 0.014285714 0.75714284
1 0.72 0.0
0 0.016528925 0.8181818
0 0.010309278 0.72017676
1 0.78723407 0.0
1 0.86466163 0.0
1 0.76243097 0.0
1 0.761745 0.0
0 0.0 0.42056075
0 0.031901043 0.8170573
1 0.7258883 0.0
0 0.05704698 0.7785235
1 0.4 0.0
0 0.02631579 0.7157895
1 0.8 0.0
0 0.06504065 0.5691057
0 0.0 0.78571427
1 0.5849057 0.0
1 0.7709677 0.0
